           name  fakefrac  dof    chi2    gof
0   PT_1_eta_1     0.2851   98 90.1889 0.9203
1   PT_1_eta_2     0.2672   98 85.5530 0.8730
2   PT_1_eta_3     0.1978   48 40.1204 0.8358
3   PT_1_eta_4     0.3268   23 10.9485 0.4760

4   PT_2_eta_1     0.1266   98 87.5062 0.8929
5   PT_2_eta_2     0.1284   48 23.8950 0.4978
6   PT_2_eta_3     0.1258   23 32.1156 1.3963
7   PT_2_eta_4     0.1121   18  9.5172 0.5287

8   PT_3_eta_1     0.0540   48 43.9977 0.9166
9   PT_3_eta_2     0.1644   48 33.4810 0.6975
10  PT_3_eta_3     0.1176   18 13.4201 0.7456
11  PT_3_eta_4     0.1019    8  2.0011 0.2501

12  PT_4_eta_1     0.0319   23 24.9463 1.0846
13  PT_4_eta_2     0.0586   48 21.7927 0.4540
14  PT_4_eta_3     0.0373    8  2.6750 0.3344
15  PT_4_eta_4     0.1027    8  6.5487 0.8186
