           name  fakefrac  dof    chi2    gof
0   PT_1_eta_1     0.2282   98 89.4446 0.9127
1   PT_1_eta_2     0.3182   98 83.4111 0.8511
2   PT_1_eta_3     0.2177   48 31.6635 0.6597
3   PT_1_eta_4     0.3090   23 12.8776 0.5599

4   PT_2_eta_1     0.1185   98 88.6646 0.9047
5   PT_2_eta_2     0.1064   48 25.0849 0.5226
6   PT_2_eta_3     0.1873   23 23.9673 1.0421
7   PT_2_eta_4     0.1582   18  7.1707 0.3984

8   PT_3_eta_1     0.0304   48 33.7062 0.7022
9   PT_3_eta_2     0.0835   48 38.2172 0.7962
10  PT_3_eta_3     0.1215   18  6.3309 0.3517
11  PT_3_eta_4     0.2109    8  3.2051 0.4006

12  PT_4_eta_1     0.0344   23 21.5430 0.9367
13  PT_4_eta_2     0.0557   48 20.0590 0.4179
14  PT_4_eta_3     0.0731    8  3.7509 0.4689
15  PT_4_eta_4     0.1246    8  5.9762 0.7470

